 
 "seed N d mu" 
 20 100 10 0.01 
 "Time Data" 
41
 
1% sample
 0.75 0 0 0.0625 
 1 2 4 8 
 0.5 1.5 3 6 
theta
2
tF_assemblage_01
0.9230769230769234
EF
0.3333333333333333
F_assemblage_01
0.5199999999999999
 
 
5% sample
 0.25 0.125 0.125 0.0625 0 0.0078125 
 1 2 4 8 16 32 
 0.5 1.5 3 6 12 24 
theta
2
tF_assemblage_05
2.306878306878306
EF
0.3333333333333333
F_assemblage_05
0.30240000000000006
 
 
10% sample
 0.4 0 0.1 0.025 0.0125 0.00625 0.003125 
 1 2 4 8 16 32 64 
 0.5 1.5 3 6 12 24 48 
theta
2
tF_assemblage_10
2.62844702467344
EF
0.3333333333333333
F_assemblage_10
0.27559999999999996
 
 
25% sample
 0.4 0 0.03333333333333333 0.05 0.016666666666666666 0.004166666666666667 0.0020833333333333333 0.0010416666666666667 
 1 2 4 8 16 32 64 128 
 0.5 1.5 3 6 12 24 48 96 
theta
2
tF_assemblage_25
2.441250963550268
EF
0.3333333333333333
F_assemblage_25
0.29059200000000013
 
 
50% sample
 0.2857142857142857 0.07142857142857142 0.03571428571428571 0.017857142857142856 0.017857142857142856 0.008928571428571428 0.002232142857142857 0.0011160714285714285 5.580357142857143E-4 
 1 2 4 8 16 32 64 128 256 
 0.5 1.5 3 6 12 24 48 96 192 
theta
2
tF_assemblage_50
2.352464732071018
EF
0.3333333333333333
F_assemblage_50
0.29828800000000005
 
 
75% sample
 0.2222222222222222 0.1111111111111111 0.08333333333333333 0.027777777777777776 0 0.010416666666666666 0.001736111111111111 8.680555555555555E-4 4.3402777777777775E-4 2.1701388888888888E-4 
 1 2 4 8 16 32 64 128 256 512 
 0.5 1.5 3 6 12 24 48 96 192 384 
theta
2
tF_assemblage_75
2.4673422590428284
EF
0.3333333333333333
F_assemblage_75
0.28840533333333335
 
 
90% sample
 0.3333333333333333 0.09523809523809523 0.047619047619047616 0.03571428571428571 0 0.002976190476190476 0.004464285714285714 7.44047619047619E-4 3.720238095238095E-4 1.8601190476190475E-4 
 1 2 4 8 16 32 64 128 256 512 
 0.5 1.5 3 6 12 24 48 96 192 384 
theta
2
tF_assemblage_90
2.375984662193139
EF
0.3333333333333333
F_assemblage_90
0.29620987654320996
 
 
population
 0.36363636363636365 0.09090909090909091 0.045454545454545456 0.03409090909090909 0 0.002840909090909091 0.004261363636363636 7.102272727272727E-4 3.551136363636364E-4 1.775568181818182E-4 
 1 2 4 8 16 32 64 128 256 512 
 0.5 1.5 3 6 12 24 48 96 192 384 
theta
2
tF_assemblage_100
2.4400908183976084
EF
0.3333333333333333
F_assemblage_100
0.2906899999999998
 
 
